104 299200000.0 5.972e+24 86400 0.11108827936829609
0.000000000000000000e+00 0.000000000000000000e+00 0.000000000000000000e+00 0.000000000000000000e+00 0.000000000000000000e+00 0.000000000000000000e+00 3.330542531815136899e+06 2.327339572192513195e+00 2.300000000000000000e+01
1.472821037292479105e+03 -1.656839021372294596e+01 0.000000000000000000e+00 5.637749056316364998e-02 5.011588516451759290e+00 0.000000000000000000e+00 2.610738141000341293e-05 8.013987437684355619e-02 2.000000000000000000e+01
-1.295633665944231780e+03 3.369045584736287537e+02 0.000000000000000000e+00 -1.323012247746200964e+00 -5.087907437057439530e+00 0.000000000000000000e+00 6.006474505221180628e-05 1.349814956417058898e-01 2.000000000000000000e+01
1.498688823661208971e+03 1.076845617904700703e+03 0.000000000000000000e+00 -2.612724655851926148e+00 3.636232692898315744e+00 0.000000000000000000e+00 5.679525831141464455e-05 1.324865272046215903e-01 2.000000000000000000e+01
1.216522768067835386e+03 -7.527057964257750200e+02 0.000000000000000000e+00 2.675833395975084184e+00 4.324680725480456900e+00 0.000000000000000000e+00 1.247497165944075456e-04 1.099188042230193757e-01 2.000000000000000000e+01
3.989922380153363974e+02 1.283145345923330297e+03 0.000000000000000000e+00 -5.010615321762800001e+00 1.558043776892231724e+00 0.000000000000000000e+00 1.056821785839960430e-04 1.277207534381612219e-01 2.000000000000000000e+01
-1.305867146975058404e+03 -3.718904275591074224e+02 0.000000000000000000e+00 1.429743365005546440e+00 -5.020443524778724687e+00 0.000000000000000000e+00 2.677130331392965198e-05 1.031076435478614911e-01 2.000000000000000000e+01
-1.060851300926414297e+03 -9.707722963878078417e+02 0.000000000000000000e+00 3.424340207349825693e+00 -3.742088414861891366e+00 0.000000000000000000e+00 3.130419876736874243e-04 2.340283949650888706e-01 2.000000000000000000e+01
5.637101199832477505e+02 1.265615115770000330e+03 0.000000000000000000e+00 -4.720560534230143546e+00 2.102556861072324423e+00 0.000000000000000000e+00 3.501135813783101181e-04 2.429241411338565193e-01 2.000000000000000000e+01
-8.943233521750465798e+01 -1.460756305622930313e+03 0.000000000000000000e+00 5.018617680078401477e+00 -3.072563828515310624e-01 0.000000000000000000e+00 3.711230300868403955e-06 5.336301081346020436e-02 2.000000000000000000e+01
-1.487398976796560419e+03 -4.712465774075526497e+02 0.000000000000000000e+00 1.470760573750023781e+00 -4.642172224450083817e+00 0.000000000000000000e+00 1.069936464269480861e-04 1.636265171029711862e-01 2.000000000000000000e+01
-1.253700616587987724e+03 1.088875609912723348e+03 0.000000000000000000e+00 -3.095232257377997787e+00 -3.563762981034038990e+00 0.000000000000000000e+00 7.898288854391021256e-05 1.159058145881397828e-01 2.000000000000000000e+01
1.375323675273426488e+03 2.582116012419348294e+02 0.000000000000000000e+00 -9.488039863276072072e-01 5.053655913653186893e+00 0.000000000000000000e+00 7.508093291015969270e-05 1.454044093910161484e-01 2.000000000000000000e+01
-3.992016312229683308e+02 1.321714509957952032e+03 0.000000000000000000e+00 -4.955498392338657077e+00 -1.496724918157494644e+00 0.000000000000000000e+00 6.118186937268913644e-05 1.064474184598846462e-01 2.000000000000000000e+01
4.092523943600683083e+02 1.419829308395356747e+03 0.000000000000000000e+00 -4.808142755212662323e+00 1.385901758303380804e+00 0.000000000000000000e+00 2.599416594989392075e-04 2.199680740667800671e-01 2.000000000000000000e+01
7.202086797042021544e+02 1.347685125098135359e+03 0.000000000000000000e+00 -4.339813411636815665e+00 2.319214799621642342e+00 0.000000000000000000e+00 4.556999317530320247e-06 5.714268957922950115e-02 2.000000000000000000e+01
1.267768927289153453e+03 6.102293203131729342e+02 0.000000000000000000e+00 -2.224071053151943644e+00 4.620571446521545944e+00 0.000000000000000000e+00 1.518892449736434710e-04 1.838978694368440803e-01 2.000000000000000000e+01
-2.411554142324757777e+02 -1.256727255652680697e+03 0.000000000000000000e+00 5.280716102081397523e+00 -1.013325105597528086e+00 0.000000000000000000e+00 2.394894502613687545e-06 4.611368397895423965e-02 2.000000000000000000e+01
-3.648944560616406818e+01 -1.707363964835651586e+03 0.000000000000000000e+00 4.653501049757093888e+00 -9.945370578890246060e-02 0.000000000000000000e+00 4.898683789877678343e-06 5.853659981196829287e-02 2.000000000000000000e+01
-1.183651507491303846e+03 6.647671470673186604e+02 0.000000000000000000e+00 -2.556387341999993623e+00 -4.551776880730178831e+00 0.000000000000000000e+00 5.292090759442190747e-05 1.294027337222968810e-01 2.000000000000000000e+01
-1.287629452491567690e+03 -7.266702178486622188e+02 0.000000000000000000e+00 2.458586612111261616e+00 -4.356513388739466919e+00 0.000000000000000000e+00 3.042693074653983734e-05 1.076020152745307407e-01 2.000000000000000000e+01
1.166715656480358120e+03 -6.024251615306222902e+02 0.000000000000000000e+00 2.435370472221087823e+00 4.716577328959845161e+00 0.000000000000000000e+00 1.631204431609328874e-04 1.476036227651857102e-01 2.000000000000000000e+01
1.732844806829198660e+03 -6.115308218218790870e+01 0.000000000000000000e+00 1.629164923136946774e-01 4.616431217833909528e+00 0.000000000000000000e+00 2.844318205295444642e-05 1.052108227904094279e-01 2.000000000000000000e+01
-1.224895329870626256e+03 -8.306262114360232545e+02 0.000000000000000000e+00 2.806197810805409976e+00 -4.138201450693649086e+00 0.000000000000000000e+00 9.195583924159024059e-05 1.555705763777218420e-01 2.000000000000000000e+01
2.295500863281154125e+02 1.513870442421849475e+03 0.000000000000000000e+00 -4.860076065476237162e+00 7.369394692761960242e-01 0.000000000000000000e+00 1.798258937778672113e-06 4.191329130396601738e-02 2.000000000000000000e+01
-1.794715926643476678e+03 -7.222632488179178267e+01 0.000000000000000000e+00 1.825015061761192658e-01 -4.534888910750549229e+00 0.000000000000000000e+00 6.143274462234513795e-05 1.359985661307749338e-01 2.000000000000000000e+01
-4.830107455478776757e+01 1.699158833703737628e+03 0.000000000000000000e+00 -4.663495116362115667e+00 -1.325666681850471984e-01 0.000000000000000000e+00 2.291951270246882298e-04 2.109289301455809784e-01 2.000000000000000000e+01
6.523744022660018800e+02 -1.616577734557578879e+03 0.000000000000000000e+00 4.272176535725074942e+00 1.724048620916605712e+00 0.000000000000000000e+00 5.628908082901796063e-06 6.131156600727556694e-02 2.000000000000000000e+01
-4.914098653718382934e+02 -1.326938348751248668e+03 0.000000000000000000e+00 4.795167558578258493e+00 -1.775811699627112272e+00 0.000000000000000000e+00 2.375974118207211695e-04 2.134756076626876109e-01 2.000000000000000000e+01
-1.469279929249444422e+03 -6.175702072458617522e+02 0.000000000000000000e+00 1.866938586625337404e+00 -4.441689968664390697e+00 0.000000000000000000e+00 8.130700013418943890e-05 1.493173713816835224e-01 2.000000000000000000e+01
-1.277136824741589862e+03 -1.420321212556902424e+02 0.000000000000000000e+00 5.930867863120689032e-01 -5.332969530907739397e+00 0.000000000000000000e+00 4.687733659698782959e-05 9.740513715751220047e-02 2.000000000000000000e+01
1.431314590891870694e+03 1.030739197270260945e+02 0.000000000000000000e+00 -3.647144350139972513e-01 5.064531296829538398e+00 0.000000000000000000e+00 2.581276444201966521e-04 2.194551933108138952e-01 2.000000000000000000e+01
-4.903538772820554641e+02 -1.341132218052283633e+03 0.000000000000000000e+00 4.780651674913775295e+00 -1.747934359621456935e+00 0.000000000000000000e+00 8.285117977482130114e-05 1.502567262395631820e-01 2.000000000000000000e+01
1.630284755465901981e+03 -2.414287972293741689e+02 0.000000000000000000e+00 6.940958019755494313e-01 4.686987707264034242e+00 0.000000000000000000e+00 1.489459514188325433e-04 1.827022619841585371e-01 2.000000000000000000e+01
-9.948696184395082582e+02 -1.082508134311008462e+03 0.000000000000000000e+00 3.693540591837242371e+00 -3.394516126782498144e+00 0.000000000000000000e+00 7.511564932169905806e-05 1.454268169508331487e-01 2.000000000000000000e+01
1.403671934468981135e+03 2.818081353139193084e+02 0.000000000000000000e+00 -1.000635043261375312e+00 4.984112063718595387e+00 0.000000000000000000e+00 1.693917752363504204e-04 1.217184030521256261e-01 2.000000000000000000e+01
1.299685422263477449e+03 3.493036565014105577e+02 0.000000000000000000e+00 -1.360883011395912723e+00 5.063559394231955224e+00 0.000000000000000000e+00 1.364287631628686092e-04 1.774337932890814595e-01 2.000000000000000000e+01
-4.287174908164552107e+02 -1.608892410925941931e+03 0.000000000000000000e+00 4.554959431276407678e+00 -1.213748517232241975e+00 0.000000000000000000e+00 4.908342059135748165e-05 9.890976262790457385e-02 2.000000000000000000e+01
-1.449250802858644875e+03 -6.171155085595238461e+02 0.000000000000000000e+00 1.898746856693828144e+00 -4.459068631919557824e+00 0.000000000000000000e+00 5.870079070630736582e-05 1.339519397708820725e-01 2.000000000000000000e+01
-1.733181691911772475e+02 1.378672947792063724e+03 0.000000000000000000e+00 -5.119806669668692578e+00 -6.436301807624866811e-01 0.000000000000000000e+00 5.340181396828966060e-05 1.297935247232936684e-01 2.000000000000000000e+01
7.359467624123017231e+02 -1.532121637860277815e+03 0.000000000000000000e+00 4.205547900190510724e+00 2.020113341416900798e+00 0.000000000000000000e+00 7.624283265179102834e-05 1.461506319989915037e-01 2.000000000000000000e+01
-7.112962813366846149e+02 1.402510875584836640e+03 0.000000000000000000e+00 -4.325960083761158259e+00 -2.193950417323603741e+00 0.000000000000000000e+00 2.325003408205067858e-04 1.352695371152805026e-01 2.000000000000000000e+01
-1.274007874387189304e+03 -7.879505473069064010e+02 0.000000000000000000e+00 2.614140534457826792e+00 -4.226706405670918265e+00 0.000000000000000000e+00 1.108035438557599225e-04 1.655460820636633079e-01 2.000000000000000000e+01
-1.055945920784954069e+03 8.287036084564900875e+02 0.000000000000000000e+00 -3.241276382380790633e+00 -4.130080452390486379e+00 0.000000000000000000e+00 1.347244726866805885e-04 1.766918511592898422e-01 2.000000000000000000e+01
-1.717539896014282476e+03 3.032921898512236112e+02 0.000000000000000000e+00 -8.009234071021574808e-01 -4.535619285232625586e+00 0.000000000000000000e+00 6.364775381352730081e-05 8.783207976609402889e-02 2.000000000000000000e+01
-8.623369689022097191e+02 1.142416437158907911e+03 0.000000000000000000e+00 -4.057895532871741651e+00 -3.063045331036052588e+00 0.000000000000000000e+00 5.392880159377320682e-05 1.302190771210375575e-01 2.000000000000000000e+01
1.227263300922802046e+03 1.143986939680507703e+03 0.000000000000000000e+00 -3.201972596512920877e+00 3.435059721362096585e+00 0.000000000000000000e+00 1.272398936781791675e-04 1.733572952659805100e-01 2.000000000000000000e+01
5.543908647528716074e+02 -1.144924223354489641e+03 0.000000000000000000e+00 4.853936223966245578e+00 2.350354587464046574e+00 0.000000000000000000e+00 5.762306653195725100e-05 1.043421244317964125e-01 2.000000000000000000e+01
-1.233407876070584052e+03 -2.554236589737689087e+02 0.000000000000000000e+00 1.099044399622129964e+00 -5.307143528095858542e+00 0.000000000000000000e+00 4.865593723541110740e-05 1.258286790726322601e-01 2.000000000000000000e+01
1.260686380972004144e+03 2.710348601968128719e+02 0.000000000000000000e+00 -1.125871181705954349e+00 5.236855747909594960e+00 0.000000000000000000e+00 4.507550233503597215e-05 9.614080283803672078e-02 2.000000000000000000e+01
1.500389739426347660e+03 4.189661353347708541e+02 0.000000000000000000e+00 -1.310714783207602041e+00 4.693894914603864876e+00 0.000000000000000000e+00 5.121229189064329876e-05 1.279948298429986475e-01 2.000000000000000000e+01
-3.732847878250601639e+02 -1.642532142497402447e+03 0.000000000000000000e+00 4.570165193897645750e+00 -1.038623903052329878e+00 0.000000000000000000e+00 3.903091993433448296e-05 1.169151036741761240e-01 2.000000000000000000e+01
1.230671000016338667e+03 -1.150509215839907483e+03 0.000000000000000000e+00 3.200345583660045179e+00 3.423329813977631364e+00 0.000000000000000000e+00 3.353500088464555026e-05 1.111476958561027906e-01 2.000000000000000000e+01
1.363509396751865779e+03 7.936174554397616703e+02 0.000000000000000000e+00 -2.436048398478052324e+00 4.185360162506250425e+00 0.000000000000000000e+00 1.292582008801574126e-04 1.742691015616759653e-01 2.000000000000000000e+01
6.840156013844811014e+02 -8.881794579983702533e+02 0.000000000000000000e+00 4.551538639502865635e+00 3.505286473006863801e+00 0.000000000000000000e+00 5.709693568102101635e-05 1.327206877691952114e-01 2.000000000000000000e+01
-7.571070102894133242e+02 1.140205555695904422e+03 0.000000000000000000e+00 -4.331345112302069644e+00 -2.876053122285679109e+00 0.000000000000000000e+00 3.304565445503094623e-05 7.059331747940936208e-02 2.000000000000000000e+01
-8.162438241115193023e+02 -1.164281425759104422e+03 0.000000000000000000e+00 4.176813618321862265e+00 -2.928242472130195395e+00 0.000000000000000000e+00 1.366717342550859517e-04 1.775390636490168650e-01 2.000000000000000000e+01
-6.658775478827007710e+00 1.321881549433692044e+03 0.000000000000000000e+00 -5.290382543247053704e+00 -2.664949031755512593e-02 0.000000000000000000e+00 1.266044718157204681e-04 1.730682378800609544e-01 2.000000000000000000e+01
1.669318379624463432e+03 -5.023709501514069586e+01 0.000000000000000000e+00 1.415834546677419425e-01 4.704648289403617234e+00 0.000000000000000000e+00 4.478939983395679726e-05 1.224031997767714153e-01 2.000000000000000000e+01
1.127436284568055044e+03 -1.310041998868155133e+03 0.000000000000000000e+00 3.506834222959769765e+00 3.018019384375305592e+00 0.000000000000000000e+00 6.845036388642364853e-05 1.409915041229596322e-01 2.000000000000000000e+01
-1.482644795605859144e+03 -3.424616148961717954e+02 0.000000000000000000e+00 1.109731046528832588e+00 -4.804441984416425449e+00 0.000000000000000000e+00 3.322887681606493207e-05 7.072354582649938159e-02 2.000000000000000000e+01
1.317324308061535930e+03 -7.631058056091212620e+02 0.000000000000000000e+00 2.471081877971703644e+00 4.265746900541685704e+00 0.000000000000000000e+00 6.591390374716208506e-05 1.091239045823688414e-01 2.000000000000000000e+01
8.810024976943634556e+02 -1.243410606191875786e+03 0.000000000000000000e+00 4.020467054651263972e+00 2.848649914523149196e+00 0.000000000000000000e+00 4.961961848156146393e-05 1.266539766454396476e-01 2.000000000000000000e+01
-7.125447041304335016e+02 -1.304189769839088058e+03 0.000000000000000000e+00 4.378648082146497700e+00 -2.392276472594407899e+00 0.000000000000000000e+00 3.865957863221825453e-05 1.165431436618960676e-01 2.000000000000000000e+01
-8.331437468305591665e+02 1.091731044922182718e+03 0.000000000000000000e+00 -4.126198452954532137e+00 -3.148867530377898571e+00 0.000000000000000000e+00 7.083471724913904875e-05 1.117745527806746075e-01 2.000000000000000000e+01
3.856407390020901857e+02 1.322259705324897823e+03 0.000000000000000000e+00 -4.975566199809972723e+00 1.451137789740834405e+00 0.000000000000000000e+00 7.295715698823153675e-05 1.440202821048389703e-01 2.000000000000000000e+01
-6.929428503112288240e+01 -1.527137834281780215e+03 0.000000000000000000e+00 4.914536350119182551e+00 -2.229983928078992095e-01 0.000000000000000000e+00 6.603293080973425598e-05 1.393117927750006091e-01 2.000000000000000000e+01
-6.373736266935850381e+02 1.470308840735010563e+03 0.000000000000000000e+00 -4.408564152585652707e+00 -1.911096801295279368e+00 0.000000000000000000e+00 7.246968099179418341e-06 6.669907429833218937e-02 2.000000000000000000e+01
1.262246242447229861e+03 -9.184940028610776608e+02 0.000000000000000000e+00 2.864442326869664157e+00 3.936478139797825904e+00 0.000000000000000000e+00 8.479565217249251409e-05 1.514231297042100133e-01 2.000000000000000000e+01
-1.206000300521622194e+03 1.105793222541000659e+03 0.000000000000000000e+00 -3.213683129608657207e+00 -3.504907374258757091e+00 0.000000000000000000e+00 1.678349354895819641e-04 1.901202946138597361e-01 2.000000000000000000e+01
-1.112366113288243469e+03 6.710359258018610262e+02 0.000000000000000000e+00 -2.756614667278721509e+00 -4.569598475089113876e+00 0.000000000000000000e+00 1.087156011918080689e-05 7.635397426345082172e-02 2.000000000000000000e+01
-1.339879413403545811e+02 1.832208103325925549e+03 0.000000000000000000e+00 -4.475761505565258425e+00 -3.273089279391843132e-01 0.000000000000000000e+00 9.088677599953891555e-05 1.549653456588459266e-01 2.000000000000000000e+01
-1.501874233268204080e+03 2.173973315640754151e+02 0.000000000000000000e+00 -7.073612012986100206e-01 -4.886755298240194278e+00 0.000000000000000000e+00 9.361907715320167344e-05 1.565029309099124910e-01 2.000000000000000000e+01
-1.483141152202633975e+03 -5.670101959305826540e+02 0.000000000000000000e+00 1.723756600462684974e+00 -4.508868392271583758e+00 0.000000000000000000e+00 2.433741463797381693e-04 2.151918588461344539e-01 2.000000000000000000e+01
4.041493663939730823e+02 -1.553239862691469853e+03 0.000000000000000000e+00 4.646592170347267015e+00 1.209032375902952872e+00 0.000000000000000000e+00 1.991155239015118068e-04 2.012655279786855489e-01 2.000000000000000000e+01
-1.323238618823460683e+03 3.279988316137166748e+02 0.000000000000000000e+00 -1.253384530177052980e+00 -5.056502202786558264e+00 0.000000000000000000e+00 4.764041201935563622e-05 1.249471035152997928e-01 2.000000000000000000e+01
1.396346647265657566e+03 -8.193700657896810071e+02 0.000000000000000000e+00 2.419371957654452121e+00 4.123023359784899533e+00 0.000000000000000000e+00 3.262107202172289365e-05 7.028967721965787008e-02 2.000000000000000000e+01
9.463613780225754226e+02 -1.076191146450925544e+03 0.000000000000000000e+00 3.815614040957989062e+00 3.355305211078457805e+00 0.000000000000000000e+00 2.452641913070054291e-05 1.001411109681444173e-01 2.000000000000000000e+01
1.057027861292527859e+03 1.460798681301843544e+03 0.000000000000000000e+00 -3.669823178595868818e+00 2.655468816781743513e+00 0.000000000000000000e+00 8.335864056978614927e-05 1.505628745667739188e-01 2.000000000000000000e+01
8.789669233471126972e+02 -1.301000189365423694e+03 0.000000000000000000e+00 4.022369111722402302e+00 2.717547185309472813e+00 0.000000000000000000e+00 3.359544520283878677e-05 1.112144342307005151e-01 2.000000000000000000e+01
1.447815863937755466e+03 9.066896595263957579e+02 0.000000000000000000e+00 -2.470060737414259577e+00 3.944230622841955025e+00 0.000000000000000000e+00 1.382152147446237664e-04 1.782048997903074861e-01 2.000000000000000000e+01
-8.576579128841207194e+02 -1.111086703462441164e+03 0.000000000000000000e+00 4.064198274869004202e+00 -3.137191543296354190e+00 0.000000000000000000e+00 9.484031497602823067e-05 1.003205262880500076e-01 2.000000000000000000e+01
6.707142785318816323e+02 1.107682327624160280e+03 0.000000000000000000e+00 -4.572381256070817912e+00 2.768628982206528644e+00 0.000000000000000000e+00 5.111762002566960588e-06 5.937330599296385125e-02 2.000000000000000000e+01
1.552973498416893335e+03 -2.701511194418607147e+02 0.000000000000000000e+00 8.303129733609355689e-01 4.773084211848948044e+00 0.000000000000000000e+00 1.594786436408074270e-05 8.675646897620685472e-02 2.000000000000000000e+01
1.427281851826495313e+03 1.171987044469943157e+03 0.000000000000000000e+00 -2.840422945988883896e+00 3.459154383532482946e+00 0.000000000000000000e+00 3.666324166181864057e-06 5.314690482398226612e-02 2.000000000000000000e+01
1.469281079511242751e+03 -3.304455483722834970e+02 0.000000000000000000e+00 1.087581814307949646e+00 4.835784261747408053e+00 0.000000000000000000e+00 1.764996665522218633e-05 8.973922605707966571e-02 2.000000000000000000e+01
1.303968110138856446e+03 -4.411102922506865411e+02 0.000000000000000000e+00 1.661296574322112640e+00 4.910966242356114009e+00 0.000000000000000000e+00 9.364031604528939043e-05 9.989561606236972702e-02 2.000000000000000000e+01
-9.136289693748730087e+02 -1.075908145307772429e+03 0.000000000000000000e+00 3.902576027785916057e+00 -3.313950665512611415e+00 0.000000000000000000e+00 1.599893727978707824e-04 1.466531057248604830e-01 2.000000000000000000e+01
8.178272065893346507e+02 -1.281557492030048252e+03 0.000000000000000000e+00 4.158600468877595269e+00 2.653815085108579996e+00 0.000000000000000000e+00 2.687580936744878349e-04 2.224273600255393113e-01 2.000000000000000000e+01
1.517573538108065804e+03 2.068343769120643856e+02 0.000000000000000000e+00 -6.637350053322101928e-01 4.869919089109725263e+00 0.000000000000000000e+00 7.445436706306760629e-05 1.136469046014618178e-01 2.000000000000000000e+01
1.023151621966094922e+03 3.250111610467425294e+02 0.000000000000000000e+00 -1.777326607288536087e+00 5.595114319010209059e+00 0.000000000000000000e+00 8.812233629378164810e-05 1.533779836668781316e-01 2.000000000000000000e+01
-1.299877216101788918e+03 -1.003253312107121360e+03 0.000000000000000000e+00 2.900269659802773514e+00 -3.757769255115475548e+00 0.000000000000000000e+00 7.379384277724586345e-06 6.710286537728023248e-02 2.000000000000000000e+01
-1.519499342532954188e+03 -1.024327467664178783e+02 0.000000000000000000e+00 3.315147094877439748e-01 -4.917727963063644125e+00 0.000000000000000000e+00 9.026313621678414912e-05 1.546100888215125313e-01 2.000000000000000000e+01
-4.198765125392805686e+01 1.707018894020275638e+03 0.000000000000000000e+00 -4.653454173976439456e+00 -1.144613054181800038e-01 0.000000000000000000e+00 4.158545485424999767e-05 1.194120558240870655e-01 2.000000000000000000e+01
-1.022931541547202983e+03 1.223391807521066767e+03 0.000000000000000000e+00 -3.695197176952612850e+00 -3.089716410804000724e+00 0.000000000000000000e+00 1.984399060208650646e-04 1.575689194891881084e-01 2.000000000000000000e+01
1.101681302985079583e+03 -1.070836560955576033e+03 0.000000000000000000e+00 3.420397771117952068e+00 3.518920076701426591e+00 0.000000000000000000e+00 2.229070166441173508e-05 9.700086410623132149e-02 2.000000000000000000e+01
5.031875085382176849e+02 1.504920397682932162e+03 0.000000000000000000e+00 -4.579473351602663556e+00 1.531199782897486816e+00 0.000000000000000000e+00 2.171063726894933120e-04 2.071533116040300826e-01 2.000000000000000000e+01
2.850287127370824578e+02 -1.363267465777111056e+03 0.000000000000000000e+00 5.045045842010915216e+00 1.054806161040628742e+00 0.000000000000000000e+00 8.422712234704302778e-06 7.012695972961177637e-02 2.000000000000000000e+01
1.203094415495416115e+03 -9.906106319631971928e+02 0.000000000000000000e+00 3.097120317505476006e+00 3.761445756668055029e+00 0.000000000000000000e+00 7.829894494093982799e-05 1.474527896371185254e-01 2.000000000000000000e+01
-1.439115000442980545e+03 2.606650995151865686e+02 0.000000000000000000e+00 -8.964306003572870551e-01 -4.949134833277202716e+00 0.000000000000000000e+00 1.297722407076544958e-04 1.744998097351973809e-01 2.000000000000000000e+01
1.042259488798652455e+03 9.492245091128747845e+02 0.000000000000000000e+00 -3.449512589951758024e+00 3.787604717421082068e+00 0.000000000000000000e+00 1.075086514111056440e-05 7.607036404872880020e-02 2.000000000000000000e+01
-4.943710640411253507e+02 -7.481477821156433095e+01 0.000000000000000000e+00 1.287134699196116561e+00 -8.505300236357312471e+00 0.000000000000000000e+00 1.000000000000000000e+00 2.129344919786096274e-02 7.500000000000000000e+02
-7.594252063431472379e+02 6.258878470355725909e+01 0.000000000000000000e+00 -5.723420753334700350e-01 -6.944550860312230789e+00 0.000000000000000000e+00 1.069993302076356206e-01 1.132854278074866237e-02 3.500000000000000000e+02
7.076157046439293481e+02 -2.503933708096377359e+03 0.000000000000000000e+00 3.628720351466491412e+00 1.025482224292135536e+00 0.000000000000000000e+00 3.178164768921633936e+02 2.336597593582887822e-01 1.500000000000000000e+02
