50
-123.457 -456.892 -12.345 4.678 300.250
289.012 -465.433 8.910 -3.210 500.120
-99.679 -299.346 -6.789 7.111 200.500
-450.000 200.333 15.555 -10.101 400.000
100.789 -349.544 -2.345 1.234 100.750
-179.889 -19.778 0.000 -5.555 600.300
-224.001 -374.889 12.000 12.345 300.900
-409.556 -149.334 -8.888 0.777 200.200
10.321 110.987 4.321 -9.876 700.000
-454.322 -421.099 -1.234 2.468 100.100
-265.433 -154.322 -3.456 5.678 250.400
-376.544 67.890 7.654 -2.345 350.200
-43.211 -265.433 -1.111 8.999 180.600
178.901 -43.211 3.333 -7.222 420.500
-154.322 -376.544 -9.876 1.234 280.300
67.890 289.012 2.468 -4.567 190.100
289.012 -154.322 -5.678 3.456 510.800
-265.433 178.901 8.765 -1.234 220.700
-43.211 67.890 -2.345 6.789 380.400
-376.544 -265.433 4.567 -8.901 310.200
678.901 123.456 -7.890 2.345 450.600
-345.678 456.789 1.234 -5.678 270.300
567.890 -234.567 -3.456 7.654 160.500
789.012 678.901 6.789 -1.111 520.100
-234.567 456.789 -8.765 4.567 200.800
123.456 789.012 2.345 -3.456 390.700
-456.789 345.678 -4.567 8.765 240.400
678.901 567.890 7.654 -2.468 320.600
345.678 -234.567 -1.234 5.678 170.200
-567.890 456.789 3.456 -6.789 480.500
789.012 -234.567 -6.789 1.234 290.300
234.567 567.890 8.901 -4.567 380.100
123.456 345.678 -2.468 7.890 210.900
-456.789 789.012 4.567 -1.234 440.600
678.901 345.678 -7.654 3.456 260.400
345.678 567.890 1.111 -8.765 330.700
567.890 -123.456 -3.456 5.678 190.500
-789.012 456.789 6.789 -2.345 510.200
234.567 234.567 -8.765 4.567 220.800
123.456 678.901 2.345 -7.654 390.400
-456.789 123.456 -4.567 1.234 280.600
678.901 -789.012 7.654 -6.789 320.300
-345.678 345.678 -1.234 3.456 170.100
567.890 678.901 3.456 -5.678 460.500
789.012 -567.890 -6.789 8.765 300.900
234.567 123.456 8.901 -2.468 230.700
-123.456 456.789 -2.468 4.567 400.200
456.789 567.890 4.567 -3.456 250.500
678.901 -234.567 -7.654 7.890 320.100
0.0 0.0 0.0 0.0 500.0
